1 0.8684895833333334 0.3226851851851852 0.0765625 0.16018518518518518
1 0.9497395833333333 0.3962962962962963 0.07552083333333333 0.15185185185185185
1 0.8739583333333333 0.07083333333333333 0.058333333333333334 0.10648148148148148
0 0.6541666666666667 0.5324074074074074 0.05625 0.18518518518518517
0 0.4861979166666667 0.41712962962962963 0.0328125 0.12314814814814815
0 0.4375 0.4125 0.036458333333333336 0.1175925925925926
0 0.43828125 0.28564814814814815 0.0359375 0.1175925925925926
0 0.44609375 0.15648148148148147 0.03177083333333333 0.1
0 0.48854166666666665 0.09212962962962963 0.029166666666666667 0.09166666666666666
0 0.4484375 0.04814814814814815 0.03229166666666667 0.0962962962962963
1 0.62734375 0.9699074074074074 0.06302083333333333 0.058333333333333334
