1 0.8598958333333333 0.5027777777777778 0.07083333333333333 0.1574074074074074
1 0.36796875 0.6143518518518518 0.1015625 0.08981481481481482
1 0.16770833333333332 0.7111111111111111 0.0875 0.08148148148148149
1 0.046875 0.5930555555555556 0.08541666666666667 0.07685185185185185
0 0.4278645833333333 0.49027777777777776 0.016145833333333335 0.058333333333333334
0 0.45729166666666665 0.4398148148148148 0.0125 0.05185185185185185
0 0.44296875 0.4300925925925926 0.0140625 0.05277777777777778
0 0.41640625 0.4185185185185185 0.015104166666666667 0.053703703703703705
0 0.4088541666666667 0.37222222222222223 0.011458333333333333 0.04259259259259259
0 0.44375 0.3685185185185185 0.0125 0.04259259259259259
0 0.4328125 0.3773148148148148 0.010416666666666666 0.04351851851851852
0 0.4234375 0.34675925925925927 0.011458333333333333 0.04537037037037037
0 0.45859375 0.33425925925925926 0.0109375 0.04814814814814815
0 0.4088541666666667 0.27824074074074073 0.011458333333333333 0.049074074074074076
0 0.49557291666666664 0.16111111111111112 0.0359375 0.11666666666666667
0 0.44765625 0.044444444444444446 0.0328125 0.08703703703703704
0 0.6958333333333333 0.16898148148148148 0.05625 0.15833333333333333
