1 0.92109375 0.9013888888888889 0.08697916666666666 0.1935185185185185
1 0.9354166666666667 0.586574074074074 0.09375 0.21388888888888888
1 0.7984375 0.26157407407407407 0.059375 0.1287037037037037
1 0.7484375 0.017592592592592594 0.03854166666666667 0.03518518518518519
0 0.7510416666666667 0.5879629629629629 0.06458333333333334 0.18518518518518517
0 0.6841145833333333 0.09490740740740741 0.04114583333333333 0.11574074074074074
0 0.4856770833333333 0.4162037037037037 0.0359375 0.12314814814814815
0 0.43723958333333335 0.41203703703703703 0.03697916666666667 0.12037037037037036
0 0.43802083333333336 0.287962962962963 0.035416666666666666 0.11851851851851852
0 0.44609375 0.15648148148148147 0.03177083333333333 0.1
0 0.44869791666666664 0.04953703703703704 0.0328125 0.09907407407407408
