0 0.7197916666666667 0.3300925925925926 0.05625 0.1527777777777778
0 0.5807291666666666 0.14166666666666666 0.07083333333333333 0.2833333333333333
0 0.43411458333333336 0.25972222222222224 0.015104166666666667 0.05277777777777778
0 0.4552083333333333 0.2 0.0125 0.053703703703703705
0 0.4666666666666667 0.18055555555555555 0.0125 0.05
0 0.4359375 0.17685185185185184 0.011458333333333333 0.044444444444444446
0 0.44453125 0.15138888888888888 0.0109375 0.04351851851851852
0 0.45807291666666666 0.15 0.0109375 0.046296296296296294
0 0.4609375 0.09722222222222222 0.010416666666666666 0.046296296296296294
0 0.43828125 0.09768518518518518 0.0109375 0.04537037037037037
0 0.42135416666666664 0.14212962962962963 0.011458333333333333 0.04722222222222222
0 0.4296875 0.049074074074074076 0.011458333333333333 0.044444444444444446
1 0.45703125 0.6078703703703704 0.07864583333333333 0.0787037037037037
1 0.4395833333333333 0.7199074074074074 0.084375 0.0824074074074074
1 0.87578125 0.587037037037037 0.09010416666666667 0.1962962962962963
1 0.9028645833333333 0.38287037037037036 0.06927083333333334 0.14166666666666666
1 0.8611979166666667 0.02824074074074074 0.050520833333333334 0.05648148148148148
