1 0.946875 0.6023148148148149 0.10520833333333333 0.2064814814814815
1 0.93828125 0.3439814814814815 0.06614583333333333 0.13240740740740742
1 0.9346354166666667 0.9407407407407408 0.08385416666666666 0.11666666666666667
1 0.8247395833333333 0.4125 0.0265625 0.075
0 0.7302083333333333 0.4583333333333333 0.05625 0.1574074074074074
0 0.6419270833333334 0.26342592592592595 0.025520833333333333 0.09351851851851851
0 0.6716145833333333 0.07824074074074074 0.043229166666666666 0.12129629629629629
0 0.5755208333333334 0.11342592592592593 0.041666666666666664 0.13240740740740742
0 0.4856770833333333 0.41435185185185186 0.0359375 0.125
0 0.43723958333333335 0.41203703703703703 0.03802083333333333 0.12407407407407407
0 0.43802083333333336 0.28425925925925927 0.035416666666666666 0.11666666666666667
0 0.4466145833333333 0.1527777777777778 0.03177083333333333 0.10185185185185185
0 0.44869791666666664 0.046296296296296294 0.03177083333333333 0.09259259259259259
