2 0.60234375 0.6541666666666667 0.05260416666666667 0.19722222222222222
2 0.696875 0.7620370370370371 0.06458333333333334 0.2037037037037037
2 0.88515625 0.3212962962962963 0.06302083333333333 0.12962962962962962
2 0.6447916666666667 0.2777777777777778 0.04479166666666667 0.12777777777777777
2 0.6947916666666667 0.16157407407407406 0.04791666666666667 0.13055555555555556
2 0.7559895833333333 0.019444444444444445 0.04114583333333333 0.03888888888888889
2 0.5041666666666667 0.2412037037037037 0.025 0.09166666666666666
2 0.43984375 0.3236111111111111 0.0390625 0.13425925925925927
2 0.43463541666666666 0.6273148148148148 0.0421875 0.15092592592592594
2 0.48854166666666665 0.12685185185185185 0.030208333333333334 0.09814814814814815
2 0.44375 0.07962962962962963 0.03333333333333333 0.10555555555555556
2 0.48776041666666664 0.019444444444444445 0.0296875 0.03888888888888889
