1 0.8151041666666666 0.3296296296296296 0.06145833333333333 0.14074074074074075
1 0.87890625 0.33240740740740743 0.058854166666666666 0.11481481481481481
1 0.9411458333333333 0.3 0.078125 0.15
1 0.8104166666666667 0.03796296296296296 0.053125 0.07592592592592592
0 0.66796875 0.4546296296296296 0.05260416666666667 0.1648148148148148
0 0.5890625 0.3768518518518518 0.051041666666666666 0.1648148148148148
0 0.4869791666666667 0.40879629629629627 0.034375 0.12314814814814815
0 0.43854166666666666 0.4041666666666667 0.0375 0.11944444444444445
0 0.4401041666666667 0.27685185185185185 0.035416666666666666 0.11296296296296296
0 0.49166666666666664 0.17453703703703705 0.035416666666666666 0.11203703703703703
0 0.4473958333333333 0.14814814814814814 0.03229166666666667 0.1
0 0.44921875 0.04398148148148148 0.0328125 0.08796296296296297
