2 0.44479166666666664 0.4273148148148148 0.036458333333333336 0.12129629629629629
2 0.49244791666666665 0.3814814814814815 0.0328125 0.11851851851851852
2 0.44583333333333336 0.2986111111111111 0.034375 0.11388888888888889
2 0.45364583333333336 0.16203703703703703 0.03125 0.1
2 0.4921875 0.10231481481481482 0.030208333333333334 0.09537037037037037
2 0.4578125 0.009259259259259259 0.028125 0.018518518518518517
2 0.5799479166666667 0.07314814814814814 0.033854166666666664 0.10925925925925926
2 0.6453125 0.22037037037037038 0.042708333333333334 0.13148148148148148
2 0.7151041666666667 0.30185185185185187 0.04479166666666667 0.12962962962962962
2 0.7950520833333333 0.21296296296296297 0.05260416666666667 0.12777777777777777
2 0.8854166666666666 0.34675925925925927 0.06875 0.15462962962962962
2 0.6083333333333333 0.6666666666666666 0.05 0.17777777777777778
