1 0.96484375 0.43703703703703706 0.06927083333333334 0.15185185185185185
1 0.9380208333333333 0.9745370370370371 0.07708333333333334 0.049074074074074076
1 0.76328125 0.059722222222222225 0.0484375 0.10092592592592593
0 0.6963541666666667 0.16944444444444445 0.05416666666666667 0.14444444444444443
0 0.6182291666666667 0.8976851851851851 0.06458333333333334 0.20277777777777778
0 0.4864583333333333 0.4078703703703704 0.035416666666666666 0.12685185185185185
0 0.4375 0.4013888888888889 0.0375 0.12129629629629629
0 0.43828125 0.2773148148148148 0.0359375 0.11944444444444445
0 0.44583333333333336 0.1449074074074074 0.03229166666666667 0.10092592592592593
0 0.44869791666666664 0.04259259259259259 0.033854166666666664 0.08518518518518518
