0 0.39036458333333335 0.8625 0.019270833333333334 0.06944444444444445
0 0.43333333333333335 0.44074074074074077 0.03854166666666667 0.13333333333333333
0 0.48671875 0.18194444444444444 0.034895833333333334 0.10277777777777777
0 0.5825520833333333 0.19953703703703704 0.043229166666666666 0.13425925925925927
0 0.6276041666666666 0.02546296296296296 0.042708333333333334 0.05092592592592592
0 0.7903645833333334 0.8361111111111111 0.07447916666666667 0.23148148148148148
1 0.6184895833333334 0.9921296296296296 0.044270833333333336 0.013888888888888888
1 0.38229166666666664 0.9856481481481482 0.016666666666666666 0.026851851851851852
1 0.96640625 0.787962962962963 0.06614583333333333 0.24814814814814815
1 0.7625 0.03425925925925926 0.051041666666666666 0.06851851851851852
