2 0.66875 0.4564814814814815 0.05416666666666667 0.15555555555555556
2 0.7098958333333333 0.2601851851851852 0.04791666666666667 0.13518518518518519
2 0.7908854166666667 0.20833333333333334 0.049479166666666664 0.10555555555555556
2 0.89453125 0.3925925925925926 0.0671875 0.1388888888888889
2 0.9872395833333333 0.9166666666666666 0.024479166666666666 0.1648148148148148
2 0.43046875 0.4486111111111111 0.04114583333333333 0.14722222222222223
2 0.42864583333333334 0.9712962962962963 0.046875 0.05555555555555555
2 0.4890625 0.16111111111111112 0.030208333333333334 0.09814814814814815
2 0.421875 0.13796296296296295 0.041666666666666664 0.09259259259259259
2 0.48671875 0.049074074074074076 0.028645833333333332 0.08888888888888889
2 0.5059895833333333 0.24212962962962964 0.021354166666666667 0.0824074074074074
1 0.5755208333333334 0.15462962962962962 0.016666666666666666 0.08333333333333333
