3 0.5953125 0.36666666666666664 0.05520833333333333 0.18703703703703703
2 0.4869791666666667 0.43287037037037035 0.034375 0.12129629629629629
2 0.43645833333333334 0.4587962962962963 0.0375 0.11944444444444445
2 0.4395833333333333 0.28425925925925927 0.03333333333333333 0.11296296296296296
2 0.4466145833333333 0.14907407407407408 0.0296875 0.0962962962962963
2 0.44895833333333335 0.04398148148148148 0.03125 0.08796296296296297
2 0.5057291666666667 0.24675925925925926 0.023958333333333335 0.08611111111111111
2 0.6817708333333333 0.6148148148148148 0.05520833333333333 0.15925925925925927
2 0.8755208333333333 0.6462962962962963 0.06979166666666667 0.1537037037037037
2 0.89765625 0.19583333333333333 0.058854166666666666 0.11018518518518519
2 0.809375 0.02361111111111111 0.03958333333333333 0.04722222222222222
2 0.690625 0.12129629629629629 0.04479166666666667 0.12777777777777777
1 0.49609375 0.3111111111111111 0.0203125 0.05925925925925926
