0 0.48776041666666664 0.8532407407407407 0.043229166666666666 0.17685185185185184
0 0.41302083333333334 0.950925925925926 0.046875 0.0962962962962963
0 0.43463541666666666 0.4652777777777778 0.0390625 0.13796296296296295
0 0.4453125 0.2375 0.035416666666666666 0.10833333333333334
0 0.44765625 0.09351851851851851 0.033854166666666664 0.11481481481481481
0 0.49270833333333336 0.0125 0.027083333333333334 0.025
0 0.759375 0.6435185185185185 0.06041666666666667 0.16296296296296298
0 0.5768229166666666 0.12731481481481483 0.022395833333333334 0.08611111111111111
0 0.67890625 0.06111111111111111 0.04739583333333333 0.12222222222222222
0 0.6197916666666666 0.021296296296296296 0.036458333333333336 0.04259259259259259
1 0.8364583333333333 0.44305555555555554 0.06458333333333334 0.14722222222222223
1 0.8661458333333333 0.062037037037037036 0.05416666666666667 0.1
1 0.5046875 0.24814814814814815 0.026041666666666668 0.09444444444444444
