2 0.4393229166666667 0.42962962962962964 0.034895833333333334 0.11296296296296296
2 0.48776041666666664 0.43425925925925923 0.033854166666666664 0.12037037037037036
2 0.440625 0.3 0.03229166666666667 0.10555555555555556
2 0.5036458333333333 0.27037037037037037 0.030208333333333334 0.1
2 0.44895833333333335 0.16435185185185186 0.029166666666666667 0.09537037037037037
2 0.4515625 0.06018518518518518 0.03125 0.1
2 0.7583333333333333 0.07731481481481481 0.04583333333333333 0.09722222222222222
2 0.821875 0.1162037037037037 0.052083333333333336 0.10833333333333334
2 0.8838541666666667 0.12546296296296297 0.06770833333333333 0.1361111111111111
2 0.022395833333333334 0.7060185185185185 0.04479166666666667 0.07685185185185185
3 0.28151041666666665 0.6388888888888888 0.1171875 0.11851851851851852
