2 0.5822916666666667 0.3055555555555556 0.041666666666666664 0.14074074074074075
2 0.7986979166666667 0.300462962962963 0.05677083333333333 0.12685185185185185
2 0.8604166666666667 0.27685185185185185 0.059375 0.12037037037037036
2 0.41041666666666665 0.6430555555555556 0.078125 0.07685185185185185
2 0.03463541666666667 0.6101851851851852 0.06927083333333334 0.07592592592592592
2 0.48489583333333336 0.4263888888888889 0.034375 0.12129629629629629
2 0.43645833333333334 0.4222222222222222 0.035416666666666666 0.11851851851851852
2 0.43828125 0.2935185185185185 0.033854166666666664 0.1111111111111111
2 0.484375 0.16064814814814815 0.029166666666666667 0.09722222222222222
2 0.44609375 0.15648148148148147 0.03177083333333333 0.09444444444444444
2 0.4479166666666667 0.05138888888888889 0.03125 0.09907407407407408
2 0.74375 0.005092592592592593 0.03125 0.010185185185185186
