0 0.44583333333333336 0.41805555555555557 0.0375 0.12129629629629629
0 0.41796875 0.47685185185185186 0.0171875 0.05925925925925926
0 0.4903645833333333 0.05138888888888889 0.0296875 0.09907407407407408
1 0.24140625 0.7226851851851852 0.09322916666666667 0.08611111111111111
1 0.49140625 0.6351851851851852 0.07239583333333334 0.07962962962962963
1 0.5158854166666667 0.7425925925925926 0.0265625 0.07037037037037037
1 0.8177083333333334 0.3143518518518518 0.059375 0.13425925925925927
1 0.8864583333333333 0.7208333333333333 0.075 0.1787037037037037
1 0.9559895833333333 0.6365740740740741 0.08489583333333334 0.18055555555555555
1 0.8752604166666667 0.09166666666666666 0.05677083333333333 0.10555555555555556
1 0.5158854166666667 0.287962962962963 0.018229166666666668 0.07592592592592592
