1 0.8122395833333333 0.30092592592592593 0.058854166666666666 0.12962962962962962
1 0.91171875 0.8634259259259259 0.08489583333333334 0.20833333333333334
0 0.6015625 0.6416666666666667 0.05520833333333333 0.20555555555555555
0 0.6638020833333333 0.037037037037037035 0.0421875 0.07407407407407407
0 0.48671875 0.4287037037037037 0.034895833333333334 0.12407407407407407
0 0.43802083333333336 0.425 0.0375 0.12407407407407407
0 0.4395833333333333 0.29583333333333334 0.035416666666666666 0.11388888888888889
0 0.44765625 0.16018518518518518 0.03177083333333333 0.09814814814814815
0 0.4864583333333333 0.06342592592592593 0.029166666666666667 0.08981481481481482
0 0.44973958333333336 0.05462962962962963 0.0328125 0.10185185185185185
