0 0.40963541666666664 0.41805555555555557 0.013020833333333334 0.049074074074074076
0 0.45598958333333334 0.45231481481481484 0.011979166666666667 0.05092592592592592
0 0.44244791666666666 0.4842592592592593 0.013020833333333334 0.04814814814814815
0 0.45546875 0.5305555555555556 0.016145833333333335 0.05555555555555555
0 0.41692708333333334 0.47129629629629627 0.0109375 0.044444444444444446
0 0.42734375 0.49027777777777776 0.011979166666666667 0.04537037037037037
0 0.44166666666666665 0.5351851851851852 0.011458333333333333 0.04814814814814815
0 0.42890625 0.5425925925925926 0.011979166666666667 0.05740740740740741
0 0.41354166666666664 0.5236111111111111 0.011458333333333333 0.05648148148148148
0 0.3966145833333333 0.5050925925925925 0.015104166666666667 0.05462962962962963
2 0.7234375 0.875 0.07395833333333333 0.24814814814814815
2 0.8674479166666667 0.23842592592592593 0.0578125 0.12129629629629629
2 0.9013020833333333 0.14814814814814814 0.0578125 0.10185185185185185
2 0.50546875 0.7398148148148148 0.04635416666666667 0.08518518518518518
2 0.48723958333333334 0.6106481481481482 0.07864583333333333 0.08055555555555556
2 0.49505208333333334 0.19814814814814816 0.033854166666666664 0.08888888888888889
2 0.48385416666666664 0.05277777777777778 0.029166666666666667 0.07777777777777778
2 0.2942708333333333 0.32685185185185184 0.078125 0.10925925925925926
3 0.16354166666666667 0.6930555555555555 0.1125 0.10092592592592593
