1 0.8598958333333333 0.26805555555555555 0.06145833333333333 0.12314814814814815
1 0.7471354166666667 0.03148148148148148 0.0421875 0.06296296296296296
1 0.26927083333333335 0.6314814814814815 0.08020833333333334 0.06851851851851852
1 0.50546875 0.7476851851851852 0.03697916666666667 0.08425925925925926
0 0.48723958333333334 0.42592592592592593 0.033854166666666664 0.12407407407407407
0 0.4388020833333333 0.4199074074074074 0.03697916666666667 0.12129629629629629
0 0.43984375 0.2916666666666667 0.034895833333333334 0.11296296296296296
0 0.48203125 0.16527777777777777 0.028645833333333332 0.08611111111111111
0 0.44765625 0.15555555555555556 0.03177083333333333 0.09814814814814815
0 0.45 0.05 0.03333333333333333 0.1
0 0.6752604166666667 0.6175925925925926 0.05572916666666667 0.1648148148148148
0 0.5927083333333333 0.4310185185185185 0.051041666666666666 0.1675925925925926
0 0.62265625 0.037037037037037035 0.03802083333333333 0.07407407407407407
0 0.56328125 0.010648148148148148 0.03177083333333333 0.021296296296296296
