2 0.6986979166666667 0.16527777777777777 0.044270833333333336 0.13240740740740742
2 0.9197916666666667 0.2601851851851852 0.065625 0.13333333333333333
2 0.95859375 0.7083333333333334 0.08177083333333333 0.2037037037037037
2 0.7731770833333333 0.8018518518518518 0.0671875 0.2222222222222222
2 0.45625 0.7513888888888889 0.090625 0.08796296296296297
2 0.26536458333333335 0.6393518518518518 0.09010416666666667 0.0787037037037037
2 0.4440104166666667 0.42268518518518516 0.0359375 0.12129629629629629
2 0.44505208333333335 0.29305555555555557 0.0359375 0.11574074074074074
2 0.453125 0.15648148148148147 0.03229166666666667 0.1
2 0.04505208333333333 0.6560185185185186 0.09010416666666667 0.08425925925925926
