1 0.2786458333333333 0.6462962962962963 0.090625 0.07222222222222222
1 0.03229166666666667 0.6375 0.06458333333333334 0.0787037037037037
1 0.8994791666666667 0.8518518518518519 0.09166666666666666 0.22407407407407406
1 0.96796875 0.8194444444444444 0.06302083333333333 0.19444444444444445
1 0.8466145833333333 0.1087962962962963 0.0546875 0.11018518518518519
0 0.48854166666666665 0.4439814814814815 0.034375 0.125
0 0.44088541666666664 0.4393518518518518 0.03802083333333333 0.12129629629629629
0 0.44244791666666666 0.3125 0.034895833333333334 0.1175925925925926
0 0.45026041666666666 0.17453703703703705 0.0328125 0.09907407407407408
0 0.45208333333333334 0.06851851851851852 0.034375 0.1037037037037037
0 0.49166666666666664 0.0125 0.027083333333333334 0.025
