0 0.7596354166666667 0.7069444444444445 0.0671875 0.2064814814814815
0 0.5729166666666666 0.06481481481481481 0.036458333333333336 0.10555555555555556
0 0.61796875 0.020833333333333332 0.03802083333333333 0.041666666666666664
0 0.4861979166666667 0.4060185185185185 0.034895833333333334 0.12314814814814815
0 0.4375 0.40370370370370373 0.03854166666666667 0.12407407407407407
0 0.43854166666666666 0.2763888888888889 0.036458333333333336 0.11574074074074074
0 0.4981770833333333 0.22685185185185186 0.03802083333333333 0.1111111111111111
0 0.44635416666666666 0.14629629629629629 0.03229166666666667 0.10185185185185185
0 0.4479166666666667 0.04351851851851852 0.03333333333333333 0.08703703703703704
1 0.9510416666666667 0.3787037037037037 0.07395833333333333 0.14444444444444443
