0 0.43203125 0.5069444444444444 0.0453125 0.15092592592592594
0 0.6739583333333333 0.5402777777777777 0.05625 0.18055555555555555
0 0.7361979166666667 0.48564814814814816 0.0546875 0.16018518518518518
0 0.575 0.06898148148148148 0.0375 0.11203703703703703
0 0.44583333333333336 0.2708333333333333 0.03229166666666667 0.11018518518518519
0 0.49453125 0.21851851851851853 0.03697916666666667 0.0962962962962963
0 0.446875 0.03564814814814815 0.03333333333333333 0.0712962962962963
0 0.4901041666666667 0.015277777777777777 0.028125 0.030555555555555555
1 0.9145833333333333 0.19814814814814816 0.03125 0.07222222222222222
1 0.98359375 0.8013888888888889 0.03177083333333333 0.16203703703703703
