2 0.43671875 0.4185185185185185 0.034895833333333334 0.11481481481481481
2 0.48515625 0.42268518518518516 0.033854166666666664 0.12129629629629629
2 0.43828125 0.2898148148148148 0.033854166666666664 0.10925925925925926
2 0.49166666666666664 0.21435185185185185 0.03229166666666667 0.08796296296296297
2 0.44583333333333336 0.15324074074074073 0.03125 0.09351851851851851
2 0.4484375 0.05 0.03229166666666667 0.1
2 0.6549479166666666 0.3023148148148148 0.04739583333333333 0.14537037037037037
2 0.7270833333333333 0.47453703703703703 0.053125 0.15833333333333333
2 0.903125 0.21203703703703702 0.06354166666666666 0.12222222222222222
2 0.9364583333333333 0.9731481481481481 0.06979166666666667 0.05185185185185185
