0 0.4869791666666667 0.41064814814814815 0.034375 0.125
0 0.43854166666666666 0.4064814814814815 0.0375 0.12222222222222222
0 0.4395833333333333 0.2800925925925926 0.035416666666666666 0.1175925925925926
0 0.4869791666666667 0.15046296296296297 0.03229166666666667 0.10648148148148148
0 0.4471354166666667 0.15 0.0328125 0.1037037037037037
0 0.44895833333333335 0.044444444444444446 0.03333333333333333 0.08888888888888889
0 0.6265625 0.1050925925925926 0.041666666666666664 0.12129629629629629
1 0.8895833333333333 0.7282407407407407 0.09166666666666666 0.21944444444444444
1 0.7739583333333333 0.10277777777777777 0.052083333333333336 0.11481481481481481
1 0.8114583333333333 0.03518518518518519 0.052083333333333336 0.07037037037037037
1 0.7859375 0.9513888888888888 0.06875 0.09537037037037037
