0 0.5119791666666667 0.6083333333333333 0.042708333333333334 0.1574074074074074
0 0.44140625 0.6189814814814815 0.0421875 0.16574074074074074
0 0.5213541666666667 0.4060185185185185 0.03854166666666667 0.12685185185185185
0 0.5223958333333333 0.24212962962962964 0.0375 0.13055555555555556
0 0.46510416666666665 0.22777777777777777 0.03229166666666667 0.1037037037037037
0 0.5265625 0.08611111111111111 0.034375 0.1111111111111111
1 0.8005208333333333 0.7222222222222222 0.115625 0.412962962962963
1 0.7096354166666666 0.3888888888888889 0.0453125 0.14074074074074075
1 0.72421875 0.07083333333333333 0.044270833333333336 0.10462962962962963
1 0.6645833333333333 0.06111111111111111 0.0375 0.09444444444444444
