0 0.5119791666666667 0.6138888888888889 0.04479166666666667 0.15925925925925927
0 0.4421875 0.6236111111111111 0.042708333333333334 0.16574074074074074
0 0.521875 0.41388888888888886 0.03958333333333333 0.12962962962962962
0 0.5234375 0.2490740740740741 0.036458333333333336 0.12962962962962962
0 0.5268229166666667 0.05 0.034895833333333334 0.1
1 0.7205729166666667 0.9046296296296297 0.05572916666666667 0.18888888888888888
1 0.7752604166666667 0.5810185185185185 0.0546875 0.16203703703703703
1 0.69765625 0.42777777777777776 0.050520833333333334 0.16666666666666666
1 0.7453125 0.24027777777777778 0.04479166666666667 0.12685185185185185
1 0.7283854166666667 0.014351851851851852 0.030729166666666665 0.028703703703703703
