1 0.7221354166666667 0.8398148148148148 0.050520833333333334 0.18333333333333332
1 0.7494791666666667 0.46944444444444444 0.04895833333333333 0.15185185185185185
1 0.7177083333333333 0.09398148148148149 0.0875 0.18796296296296297
1 0.8276041666666667 0.18055555555555555 0.027083333333333334 0.05555555555555555
1 0.07421875 0.1425925925925926 0.08177083333333333 0.0962962962962963
0 0.4434895833333333 0.6106481481481482 0.04010416666666667 0.16574074074074074
0 0.5140625 0.6013888888888889 0.042708333333333334 0.16018518518518518
0 0.5236979166666667 0.39814814814814814 0.0390625 0.12777777777777777
0 0.4625 0.300462962962963 0.035416666666666666 0.11203703703703703
0 0.5247395833333334 0.23194444444444445 0.03697916666666667 0.13055555555555556
0 0.5286458333333334 0.07546296296296297 0.035416666666666666 0.11203703703703703
0 0.4791666666666667 0.018518518518518517 0.028125 0.037037037037037035
