2 0.47578125 0.10462962962962963 0.03177083333333333 0.1
2 0.53046875 0.22546296296296298 0.03177083333333333 0.09722222222222222
2 0.4666666666666667 0.39861111111111114 0.04375 0.15648148148148147
2 0.525 0.48333333333333334 0.03958333333333333 0.1425925925925926
2 0.4471354166666667 0.7921296296296296 0.04635416666666667 0.17685185185185184
2 0.5244791666666667 0.8569444444444444 0.04583333333333333 0.19166666666666668
0 0.9036458333333334 0.9189814814814815 0.036458333333333336 0.030555555555555555
0 0.9783854166666667 0.9925925925925926 0.03697916666666667 0.012962962962962963
0 0.9783854166666667 0.9675925925925926 0.0359375 0.03333333333333333
0 0.9630208333333333 0.9305555555555556 0.034375 0.037037037037037035
0 0.9317708333333333 0.9879629629629629 0.0375 0.022222222222222223
0 0.9330729166666667 0.9578703703703704 0.03177083333333333 0.032407407407407406
0 0.8997395833333334 0.9564814814814815 0.03802083333333333 0.03518518518518519
0 0.8875 0.9861111111111112 0.041666666666666664 0.025925925925925925
