2 0.7197916666666667 0.15833333333333333 0.04791666666666667 0.12222222222222222
2 0.8005208333333333 0.9296296296296296 0.06770833333333333 0.1388888888888889
2 0.5143229166666666 0.5990740740740741 0.044270833333333336 0.16111111111111112
2 0.4432291666666667 0.611574074074074 0.046875 0.17314814814814813
2 0.5244791666666667 0.3972222222222222 0.040625 0.13148148148148148
2 0.46328125 0.2986111111111111 0.03697916666666667 0.1175925925925926
2 0.525 0.2310185185185185 0.03958333333333333 0.13425925925925927
2 0.4752604166666667 0.14537037037037037 0.034895833333333334 0.11666666666666667
2 0.5283854166666667 0.07222222222222222 0.0359375 0.11296296296296296
2 0.475 0.03657407407407407 0.03333333333333333 0.07314814814814814
2 0.03828125 0.15231481481481482 0.0765625 0.08796296296296297
