2 0.29973958333333334 0.11435185185185186 0.0265625 0.08611111111111111
2 0.33984375 0.1550925925925926 0.030729166666666665 0.08981481481481482
2 0.36744791666666665 0.09907407407407408 0.025520833333333333 0.07222222222222222
2 0.35651041666666666 0.020833333333333332 0.0265625 0.041666666666666664
2 0.38203125 0.19305555555555556 0.030729166666666665 0.08611111111111111
2 0.3489583333333333 0.26064814814814813 0.030208333333333334 0.09351851851851851
2 0.39765625 0.29212962962962963 0.034895833333333334 0.09722222222222222
2 0.36432291666666666 0.3731481481481482 0.03177083333333333 0.09814814814814815
2 0.4140625 0.43148148148148147 0.0375 0.1111111111111111
2 0.3796875 0.5652777777777778 0.03125 0.10092592592592593
2 0.4328125 0.5717592592592593 0.036458333333333336 0.10462962962962963
2 0.4484375 0.7379629629629629 0.03854166666666667 0.1259259259259259
2 0.39739583333333334 0.7759259259259259 0.042708333333333334 0.13518518518518519
2 0.5184895833333333 0.033796296296296297 0.0328125 0.06759259259259259
2 0.5768229166666666 0.3731481481481482 0.03802083333333333 0.0962962962962963
2 0.6869791666666667 0.8666666666666667 0.058333333333333334 0.14074074074074075
2 0.8666666666666667 0.837037037037037 0.08125 0.09074074074074075
2 0.9770833333333333 0.8939814814814815 0.04479166666666667 0.10092592592592593
3 0.96484375 0.7555555555555555 0.06927083333333334 0.11851851851851852
