3 0.4296875 0.3087962962962963 0.04479166666666667 0.175
2 0.4778645833333333 0.3662037037037037 0.04010416666666667 0.1361111111111111
2 0.5309895833333333 0.28055555555555556 0.03697916666666667 0.12777777777777777
2 0.5294270833333333 0.4824074074074074 0.044270833333333336 0.15
2 0.46796875 0.5648148148148148 0.04010416666666667 0.13333333333333333
2 0.4158854166666667 0.6189814814814815 0.044270833333333336 0.1638888888888889
2 0.7380208333333333 0.15231481481481482 0.04479166666666667 0.11018518518518519
2 0.7325520833333333 0.7268518518518519 0.0515625 0.16111111111111112
0 0.9065104166666667 0.937962962962963 0.0296875 0.027777777777777776
0 0.96015625 0.9495370370370371 0.0359375 0.03425925925925926
0 0.9822916666666667 0.9842592592592593 0.034375 0.02962962962962963
0 0.9377604166666667 0.9814814814814815 0.033854166666666664 0.03518518518518519
0 0.9036458333333334 0.9703703703703703 0.03229166666666667 0.03148148148148148
0 0.8861979166666667 0.9925925925925926 0.03802083333333333 0.012962962962962963
