3 0.43125 0.3074074074074074 0.04375 0.1648148148148148
2 0.47890625 0.3638888888888889 0.04010416666666667 0.13518518518518519
2 0.5315104166666667 0.2800925925925926 0.03802083333333333 0.125
2 0.5309895833333333 0.48518518518518516 0.04114583333333333 0.15
2 0.46927083333333336 0.5648148148148148 0.040625 0.13148148148148148
2 0.41822916666666665 0.6189814814814815 0.042708333333333334 0.1638888888888889
2 0.7716145833333333 0.5148148148148148 0.05364583333333333 0.15
2 0.7138020833333333 0.024074074074074074 0.03697916666666667 0.04814814814814815
0 0.9046875 0.9356481481481481 0.034375 0.032407407407407406
0 0.9588541666666667 0.9486111111111111 0.03958333333333333 0.03425925925925926
0 0.9841145833333333 0.9837962962962963 0.030729166666666665 0.030555555555555555
0 0.9380208333333333 0.9824074074074074 0.036458333333333336 0.03333333333333333
0 0.9041666666666667 0.9712962962962963 0.035416666666666666 0.03518518518518519
0 0.8859375 0.9907407407407407 0.042708333333333334 0.014814814814814815
