2 0.371875 0.6615740740740741 0.051041666666666666 0.16944444444444445
2 0.43776041666666665 0.6203703703703703 0.04739583333333333 0.15925925925925927
2 0.3546875 0.4041666666666667 0.03854166666666667 0.11944444444444445
2 0.42109375 0.42083333333333334 0.044270833333333336 0.12685185185185185
2 0.4010416666666667 0.25972222222222224 0.04375 0.1287037037037037
2 0.34296875 0.19444444444444445 0.034895833333333334 0.11296296296296296
2 0.38567708333333334 0.10601851851851851 0.0390625 0.11018518518518519
2 0.32708333333333334 0.06944444444444445 0.035416666666666666 0.1037037037037037
2 0.3692708333333333 0.02361111111111111 0.03333333333333333 0.04722222222222222
2 0.5713541666666667 0.021296296296296296 0.040625 0.04259259259259259
2 0.6473958333333333 0.43194444444444446 0.05520833333333333 0.1398148148148148
2 0.96171875 0.7574074074074074 0.07552083333333333 0.10925925925925926
2 0.7703125 0.9550925925925926 0.059375 0.08796296296296297
