2 0.47552083333333334 0.9083333333333333 0.04583333333333333 0.16296296296296298
2 0.2674479166666667 0.013425925925925926 0.0484375 0.026851851851851852
0 0.98125 0.9925925925925926 0.036458333333333336 0.012962962962962963
0 0.9815104166666667 0.9671296296296297 0.0359375 0.03425925925925926
0 0.96484375 0.9310185185185185 0.03802083333333333 0.03796296296296296
0 0.9341145833333333 0.9879629629629629 0.04114583333333333 0.022222222222222223
0 0.9346354166666667 0.9583333333333334 0.03177083333333333 0.02962962962962963
0 0.8880208333333334 0.9842592592592593 0.04583333333333333 0.02962962962962963
0 0.9002604166666667 0.9532407407407407 0.0453125 0.030555555555555555
0 0.9049479166666666 0.9175925925925926 0.043229166666666666 0.027777777777777776
