1 0.25494791666666666 0.03935185185185185 0.0859375 0.0787037037037037
1 0.09296875 0.14583333333333334 0.08177083333333333 0.09166666666666666
1 0.9799479166666667 0.9916666666666667 0.0390625 0.014814814814814815
1 0.9783854166666667 0.9680555555555556 0.0359375 0.03611111111111111
1 0.9606770833333333 0.9254629629629629 0.0453125 0.04722222222222222
1 0.9317708333333333 0.986574074074074 0.042708333333333334 0.025
1 0.9330729166666667 0.9583333333333334 0.0359375 0.03148148148148148
1 0.9 0.9518518518518518 0.041666666666666664 0.03148148148148148
1 0.9015625 0.9166666666666666 0.04479166666666667 0.03518518518518519
1 0.8546875 0.9819444444444444 0.04895833333333333 0.03425925925925926
