0 0.44609375 0.6305555555555555 0.04114583333333333 0.16296296296296298
0 0.5153645833333333 0.6199074074074075 0.0421875 0.1527777777777778
0 0.5244791666666667 0.4203703703703704 0.03854166666666667 0.1259259259259259
0 0.5255208333333333 0.25601851851851853 0.036458333333333336 0.1287037037037037
1 0.7908854166666667 0.7671296296296296 0.0640625 0.19166666666666668
1 0.7002604166666667 0.5583333333333333 0.0453125 0.12777777777777777
1 0.7567708333333333 0.4550925925925926 0.046875 0.12314814814814815
1 0.6966145833333334 0.24027777777777778 0.04010416666666667 0.11944444444444445
1 0.7216145833333333 0.08148148148148149 0.04010416666666667 0.0962962962962963
1 0.1390625 0.1259259259259259 0.075 0.1
