3 0.41822916666666665 0.43287037037037035 0.04895833333333333 0.19537037037037036
2 0.46901041666666665 0.5231481481481481 0.0453125 0.15925925925925927
2 0.52734375 0.5361111111111111 0.044270833333333336 0.15925925925925927
2 0.7247395833333333 0.5972222222222222 0.049479166666666664 0.13703703703703704
2 0.7572916666666667 0.3226851851851852 0.042708333333333334 0.12129629629629629
2 0.6947916666666667 0.08611111111111111 0.0375 0.1
2 0.44869791666666664 0.9351851851851852 0.04739583333333333 0.12777777777777777
2 0.5286458333333334 0.300462962962963 0.03854166666666667 0.13240740740740742
2 0.4734375 0.23981481481481481 0.036458333333333336 0.11851851851851852
2 0.5283854166666667 0.1425925925925926 0.034895833333333334 0.10925925925925926
2 0.4796875 0.06111111111111111 0.036458333333333336 0.12222222222222222
0 0.984375 0.9930555555555556 0.030208333333333334 0.012037037037037037
0 0.98515625 0.9680555555555556 0.028645833333333332 0.03425925925925926
0 0.9716145833333333 0.9324074074074075 0.0328125 0.03518518518518519
0 0.91015625 0.9185185185185185 0.03697916666666667 0.02962962962962963
0 0.9427083333333334 0.9578703703703704 0.030208333333333334 0.030555555555555555
0 0.9369791666666667 0.987037037037037 0.03958333333333333 0.024074074074074074
0 0.9096354166666667 0.9560185185185185 0.034895833333333334 0.030555555555555555
0 0.8895833333333333 0.986574074074074 0.046875 0.025
