3 0.9106770833333333 0.825462962962963 0.13385416666666666 0.125
4 0.35078125 0.04814814814814815 0.03802083333333333 0.0962962962962963
2 0.48125 0.11990740740740741 0.026041666666666668 0.062037037037037036
2 0.5390625 0.38796296296296295 0.03229166666666667 0.08148148148148149
2 0.5895833333333333 0.6324074074074074 0.035416666666666666 0.1
2 0.37083333333333335 0.1736111111111111 0.025 0.06574074074074074
2 0.3807291666666667 0.2569444444444444 0.023958333333333335 0.06944444444444445
2 0.3567708333333333 0.30972222222222223 0.028125 0.0824074074074074
2 0.39375 0.3453703703703704 0.027083333333333334 0.07777777777777778
2 0.40911458333333334 0.43703703703703706 0.0296875 0.08518518518518518
2 0.36614583333333334 0.4083333333333333 0.028125 0.08518518518518518
2 0.3807291666666667 0.5106481481481482 0.028125 0.08611111111111111
2 0.4231770833333333 0.562962962962963 0.0328125 0.1
2 0.39479166666666665 0.6810185185185185 0.026041666666666668 0.08796296296296297
2 0.36953125 0.7412037037037037 0.0296875 0.10462962962962963
2 0.4393229166666667 0.6856481481481481 0.03177083333333333 0.09351851851851851
2 0.45338541666666665 0.8282407407407407 0.0328125 0.10462962962962963
2 0.41119791666666666 0.8587962962962963 0.0359375 0.11574074074074074
2 0.79375 0.9064814814814814 0.06458333333333334 0.07592592592592592
2 0.9145833333333333 0.9282407407407407 0.071875 0.09351851851851851
2 0.98515625 0.8037037037037037 0.028645833333333332 0.07037037037037037
2 0.96796875 0.0125 0.03697916666666667 0.025
