0 0.5364583333333334 0.5814814814814815 0.04479166666666667 0.16296296296296298
0 0.5052083333333334 0.013425925925925926 0.030208333333333334 0.026851851851851852
1 0.2703125 0.027777777777777776 0.06979166666666667 0.05555555555555555
1 0.03463541666666667 0.1814814814814815 0.06927083333333334 0.10925925925925926
1 0.4822916666666667 0.9680555555555556 0.04791666666666667 0.062037037037037036
1 0.98046875 0.9912037037037037 0.03802083333333333 0.01574074074074074
1 0.9625 0.9310185185185185 0.04479166666666667 0.03796296296296296
1 0.9330729166666667 0.9875 0.0421875 0.023148148148148147
1 0.98046875 0.9666666666666667 0.03802083333333333 0.03333333333333333
1 0.93671875 0.9583333333333334 0.030729166666666665 0.03518518518518519
1 0.9026041666666667 0.9541666666666667 0.04479166666666667 0.03425925925925926
1 0.9041666666666667 0.9166666666666666 0.04583333333333333 0.03333333333333333
1 0.8880208333333334 0.9842592592592593 0.04791666666666667 0.02962962962962963
