1 0.221875 0.04675925925925926 0.07083333333333333 0.09351851851851851
1 0.019791666666666666 0.1824074074074074 0.03958333333333333 0.09444444444444444
1 0.92265625 0.9731481481481481 0.04635416666666667 0.03518518518518519
1 0.9153645833333334 0.9333333333333333 0.044270833333333336 0.03333333333333333
1 0.8817708333333333 0.9916666666666667 0.041666666666666664 0.014814814814814815
1 0.8231770833333333 0.9439814814814815 0.0453125 0.03796296296296296
1 0.7947916666666667 0.9740740740740741 0.04479166666666667 0.03333333333333333
1 0.7940104166666667 0.9074074074074074 0.043229166666666666 0.03518518518518519
1 0.7643229166666666 0.9476851851851852 0.043229166666666666 0.03425925925925926
1 0.6846354166666667 0.9703703703703703 0.043229166666666666 0.03518518518518519
