1 0.1625 0.09074074074074075 0.09583333333333334 0.11296296296296296
1 0.9671875 0.9805555555555555 0.06458333333333334 0.037037037037037035
1 0.33619791666666665 0.9472222222222222 0.04010416666666667 0.03333333333333333
1 0.34296875 0.9921296296296296 0.033854166666666664 0.013888888888888888
1 0.26640625 0.9439814814814815 0.04114583333333333 0.03611111111111111
1 0.25078125 0.9953703703703703 0.019270833333333334 0.007407407407407408
1 0.22838541666666667 0.9810185185185185 0.04010416666666667 0.032407407407407406
1 0.15390625 0.9851851851851852 0.04114583333333333 0.027777777777777776
1 0.09713541666666667 0.9768518518518519 0.0421875 0.03148148148148148
1 0.04453125 0.9824074074074074 0.05260416666666667 0.03333333333333333
