2 0.7864583333333334 0.7615740740740741 0.06458333333333334 0.21203703703703702
2 0.5145833333333333 0.5953703703703703 0.04375 0.15925925925925927
2 0.44244791666666666 0.6078703703703704 0.043229166666666666 0.1712962962962963
2 0.5231770833333333 0.3912037037037037 0.0359375 0.1287037037037037
2 0.46197916666666666 0.2935185185185185 0.036458333333333336 0.11296296296296296
2 0.5255208333333333 0.22453703703703703 0.036458333333333336 0.13240740740740742
2 0.47421875 0.13935185185185187 0.033854166666666664 0.11388888888888889
2 0.5286458333333334 0.06805555555555555 0.036458333333333336 0.11574074074074074
2 0.475 0.01574074074074074 0.03333333333333333 0.03148148148148148
2 0.6682291666666667 0.03981481481481482 0.040625 0.07962962962962963
