1 0.7325520833333333 0.5666666666666667 0.0390625 0.11666666666666667
1 0.7388020833333333 0.1912037037037037 0.0328125 0.08425925925925926
1 0.7598958333333333 0.019444444444444445 0.029166666666666667 0.03888888888888889
1 0.6934895833333333 0.02361111111111111 0.043229166666666666 0.04722222222222222
1 0.36171875 0.075 0.05364583333333333 0.08703703703703704
1 0.11640625 0.3148148148148148 0.07864583333333333 0.08888888888888889
0 0.5661458333333333 0.6833333333333333 0.03854166666666667 0.14074074074074075
0 0.5643229166666667 0.5162037037037037 0.0328125 0.125
0 0.4973958333333333 0.725462962962963 0.03958333333333333 0.15648148148148147
0 0.5013020833333334 0.5370370370370371 0.0359375 0.12962962962962962
0 0.5713541666666667 0.36157407407407405 0.03229166666666667 0.10833333333333334
0 0.50390625 0.3773148148148148 0.0328125 0.11388888888888889
0 0.5635416666666667 0.2 0.036458333333333336 0.11851851851851852
0 0.5635416666666667 0.07777777777777778 0.028125 0.0962962962962963
