2 0.5401041666666667 0.8277777777777777 0.09791666666666667 0.08703703703703704
2 0.6395833333333333 0.5898148148148148 0.08854166666666667 0.07407407407407407
2 0.96640625 0.7171296296296297 0.06614583333333333 0.0787037037037037
2 0.8208333333333333 0.2912037037037037 0.10625 0.08425925925925926
2 0.70078125 0.1597222222222222 0.10260416666666666 0.08425925925925926
2 0.04583333333333333 0.7060185185185185 0.09166666666666666 0.0824074074074074
2 0.039322916666666666 0.5898148148148148 0.07864583333333333 0.08148148148148149
2 0.48515625 0.9833333333333333 0.09427083333333333 0.03148148148148148
2 0.8934895833333333 0.023148148148148147 0.0921875 0.02962962962962963
2 0.6859375 0.032407407407407406 0.071875 0.020370370370370372
