0 0.5638020833333334 0.687962962962963 0.03802083333333333 0.1388888888888889
0 0.49609375 0.7296296296296296 0.04010416666666667 0.1574074074074074
0 0.5005208333333333 0.5425925925925926 0.035416666666666666 0.12777777777777777
0 0.5026041666666666 0.38425925925925924 0.034375 0.11481481481481481
0 0.5622395833333333 0.5222222222222223 0.0328125 0.1259259259259259
0 0.5697916666666667 0.36898148148148147 0.03229166666666667 0.11018518518518519
0 0.5622395833333333 0.20925925925925926 0.03697916666666667 0.12222222222222222
0 0.56328125 0.08611111111111111 0.025520833333333333 0.09444444444444444
0 0.5622395833333333 0.010648148148148148 0.0265625 0.021296296296296296
1 0.7125 0.43703703703703706 0.035416666666666666 0.1037037037037037
1 0.7583333333333333 0.38981481481481484 0.03958333333333333 0.11666666666666667
1 0.27786458333333336 0.19074074074074074 0.0609375 0.08888888888888889
