0 0.5661458333333333 0.6828703703703703 0.0375 0.1398148148148148
0 0.49661458333333336 0.7240740740740741 0.0421875 0.1574074074074074
0 0.5635416666666667 0.5171296296296296 0.03333333333333333 0.12685185185185185
0 0.5015625 0.5365740740740741 0.036458333333333336 0.13055555555555556
0 0.5713541666666667 0.36203703703703705 0.03333333333333333 0.10925925925925926
0 0.5041666666666667 0.3773148148148148 0.034375 0.11574074074074074
0 0.5635416666666667 0.2 0.0375 0.12037037037037036
0 0.5645833333333333 0.07731481481481481 0.027083333333333334 0.09537037037037037
1 0.7572916666666667 0.9712962962962963 0.05416666666666667 0.05555555555555555
1 0.7565104166666666 0.5157407407407407 0.03802083333333333 0.11481481481481481
1 0.7765625 0.287962962962963 0.036458333333333336 0.09814814814814815
1 0.7080729166666667 0.1439814814814815 0.0578125 0.20833333333333334
1 0.19010416666666666 0.2671296296296296 0.07604166666666666 0.08981481481481482
1 0.027604166666666666 0.3527777777777778 0.05520833333333333 0.08703703703703704
