1 0.7252604166666666 0.5828703703703704 0.03802083333333333 0.12129629629629629
1 0.7861979166666667 0.5532407407407407 0.044270833333333336 0.13055555555555556
1 0.71875 0.006481481481481481 0.027083333333333334 0.012962962962962963
1 0.2604166666666667 0.1962962962962963 0.025 0.046296296296296294
0 0.5643229166666667 0.6907407407407408 0.0390625 0.14074074074074075
0 0.49661458333333336 0.7324074074074074 0.04010416666666667 0.1574074074074074
0 0.5619791666666667 0.5254629629629629 0.034375 0.125
0 0.50078125 0.5449074074074074 0.0359375 0.13055555555555556
0 0.5033854166666667 0.38657407407407407 0.0328125 0.11574074074074074
0 0.56953125 0.37222222222222223 0.0328125 0.10925925925925926
0 0.5614583333333333 0.21203703703703702 0.03854166666666667 0.12037037037037036
0 0.5625 0.09074074074074075 0.029166666666666667 0.09814814814814815
0 0.5622395833333333 0.012962962962962963 0.024479166666666666 0.025925925925925925
