1 0.7859375 0.46574074074074073 0.042708333333333334 0.1259259259259259
1 0.7065104166666667 0.2740740740740741 0.0359375 0.10555555555555556
1 0.7611979166666667 0.15555555555555556 0.03697916666666667 0.0962962962962963
1 0.19088541666666667 0.26666666666666666 0.0765625 0.08888888888888889
1 0.07552083333333333 0.33611111111111114 0.07395833333333333 0.09259259259259259
0 0.5666666666666667 0.6856481481481481 0.0375 0.1398148148148148
0 0.4973958333333333 0.7263888888888889 0.040625 0.15833333333333333
0 0.5640625 0.5199074074074074 0.034375 0.125
0 0.50234375 0.5402777777777777 0.03697916666666667 0.13055555555555556
0 0.5713541666666667 0.36574074074074076 0.03333333333333333 0.10925925925925926
0 0.5046875 0.38101851851851853 0.03229166666666667 0.11388888888888889
0 0.5635416666666667 0.2050925925925926 0.0375 0.12129629629629629
0 0.5645833333333333 0.08287037037037037 0.027083333333333334 0.09722222222222222
