1 0.7807291666666667 0.7041666666666667 0.04583333333333333 0.14722222222222223
1 0.7494791666666667 0.9328703703703703 0.046875 0.13240740740740742
1 0.6994791666666667 0.05416666666666667 0.028125 0.07314814814814814
1 0.4140625 0.020833333333333332 0.041666666666666664 0.041666666666666664
1 0.096875 0.325 0.07291666666666667 0.08333333333333333
0 0.5635416666666667 0.6856481481481481 0.0375 0.14166666666666666
0 0.49505208333333334 0.7268518518518519 0.0390625 0.1574074074074074
0 0.56171875 0.5194444444444445 0.033854166666666664 0.12407407407407407
0 0.49921875 0.5388888888888889 0.0359375 0.12777777777777777
0 0.5028645833333333 0.38101851851851853 0.03177083333333333 0.11388888888888889
0 0.56875 0.36435185185185187 0.03333333333333333 0.11203703703703703
0 0.56171875 0.20416666666666666 0.03697916666666667 0.12129629629629629
0 0.5619791666666667 0.08055555555555556 0.027083333333333334 0.09259259259259259
