3 0.12213541666666666 0.412962962962963 0.10364583333333334 0.07777777777777778
1 0.35208333333333336 0.8319444444444445 0.05 0.04537037037037037
2 0.74921875 0.586574074074074 0.10260416666666666 0.08981481481481482
2 0.8375 0.7078703703703704 0.10520833333333333 0.08796296296296297
2 0.77109375 0.8342592592592593 0.11927083333333334 0.10185185185185185
2 0.17604166666666668 0.5828703703703704 0.10208333333333333 0.07685185185185185
2 0.03723958333333333 0.7203703703703703 0.07447916666666667 0.09814814814814815
2 0.42239583333333336 0.02175925925925926 0.07395833333333333 0.04351851851851852
2 0.7182291666666667 0.027314814814814816 0.084375 0.019444444444444445
2 0.3015625 0.9680555555555556 0.036458333333333336 0.030555555555555555
2 0.3697916666666667 0.9652777777777778 0.0375 0.021296296296296296
