0 0.5677083333333334 0.6842592592592592 0.03854166666666667 0.14074074074074075
0 0.49921875 0.7263888888888889 0.04010416666666667 0.15833333333333333
0 0.56484375 0.5189814814814815 0.034895833333333334 0.12685185185185185
0 0.5033854166666667 0.5388888888888889 0.0359375 0.13148148148148148
0 0.5046875 0.38101851851851853 0.035416666666666666 0.11574074074074074
0 0.5723958333333333 0.36574074074074076 0.034375 0.10925925925925926
0 0.5640625 0.2050925925925926 0.03854166666666667 0.12129629629629629
0 0.5645833333333333 0.08148148148148149 0.027083333333333334 0.09444444444444444
1 0.7921875 0.6643518518518519 0.05 0.15833333333333333
1 0.753125 0.8472222222222222 0.041666666666666664 0.12222222222222222
1 0.7557291666666667 0.07175925925925926 0.034375 0.08796296296296297
1 0.41015625 0.02962962962962963 0.0484375 0.05925925925925926
1 0.15677083333333333 0.2865740740740741 0.07708333333333334 0.08425925925925926
1 0.06953125 0.33796296296296297 0.07552083333333333 0.08703703703703704
