0 0.5690104166666666 0.6875 0.03802083333333333 0.1398148148148148
0 0.5013020833333334 0.7268518518518519 0.0390625 0.15925925925925927
0 0.5661458333333333 0.5212962962962963 0.034375 0.1259259259259259
0 0.5052083333333334 0.5416666666666666 0.035416666666666666 0.12962962962962962
0 0.5731770833333333 0.3680555555555556 0.033854166666666664 0.11018518518518519
0 0.5067708333333333 0.3824074074074074 0.034375 0.11296296296296296
0 0.56640625 0.2074074074074074 0.03697916666666667 0.11851851851851852
0 0.5653645833333333 0.08564814814814815 0.028645833333333332 0.09722222222222222
1 0.2916666666666667 0.19305555555555556 0.07083333333333333 0.09722222222222222
1 0.17786458333333333 0.2777777777777778 0.08072916666666667 0.10185185185185185
1 0.04088541666666667 0.3875 0.08177083333333333 0.1175925925925926
1 0.8231770833333333 0.9291666666666667 0.0515625 0.1398148148148148
1 0.7528645833333333 0.9296296296296296 0.05677083333333333 0.1388888888888889
1 0.7856770833333333 0.575 0.0421875 0.13148148148148148
1 0.7671875 0.38287037037037036 0.03854166666666667 0.10277777777777777
1 0.7723958333333333 0.19768518518518519 0.035416666666666666 0.08981481481481482
1 0.7752604166666667 0.038425925925925926 0.0328125 0.07685185185185185
