0 0.5643229166666667 0.6916666666666667 0.03802083333333333 0.14074074074074075
0 0.49609375 0.7412037037037037 0.0390625 0.15833333333333333
0 0.49973958333333335 0.5449074074074074 0.0359375 0.13055555555555556
0 0.5622395833333333 0.538425925925926 0.030729166666666665 0.12685185185185185
0 0.5026041666666666 0.3861111111111111 0.03333333333333333 0.11296296296296296
0 0.56875 0.37083333333333335 0.03333333333333333 0.10833333333333334
0 0.5611979166666666 0.21064814814814814 0.03697916666666667 0.12314814814814815
0 0.5614583333333333 0.08657407407407407 0.028125 0.09537037037037037
0 0.5622395833333333 0.011111111111111112 0.024479166666666666 0.022222222222222223
1 0.7640625 0.30925925925925923 0.0375 0.11296296296296296
1 0.703125 0.24583333333333332 0.03333333333333333 0.08796296296296297
1 0.78125 0.1425925925925926 0.01875 0.046296296296296294
1 0.6841145833333333 0.03564814814814815 0.0328125 0.0712962962962963
