0 0.5669270833333333 0.6842592592592592 0.03802083333333333 0.14074074074074075
0 0.5638020833333334 0.5180555555555556 0.033854166666666664 0.125
0 0.5716145833333334 0.3648148148148148 0.0328125 0.1111111111111111
0 0.4973958333333333 0.725925925925926 0.040625 0.1574074074074074
0 0.5020833333333333 0.538425925925926 0.035416666666666666 0.1287037037037037
0 0.5049479166666667 0.38055555555555554 0.03177083333333333 0.11481481481481481
0 0.5640625 0.20324074074074075 0.036458333333333336 0.11944444444444445
0 0.5643229166666667 0.08009259259259259 0.027604166666666666 0.09537037037037037
1 0.31692708333333336 0.1537037037037037 0.06302083333333333 0.09444444444444444
1 0.15260416666666668 0.28703703703703703 0.07604166666666666 0.09074074074074075
1 0.059375 0.34305555555555556 0.07708333333333334 0.09351851851851851
1 0.7169270833333333 0.3277777777777778 0.033854166666666664 0.08703703703703704
1 0.7625 0.31805555555555554 0.041666666666666664 0.11944444444444445
1 0.8109375 0.8439814814814814 0.051041666666666666 0.16018518518518518
