1 0.75546875 0.7805555555555556 0.08177083333333333 0.34444444444444444
1 0.7763020833333333 0.462037037037037 0.043229166666666666 0.12407407407407407
1 0.74296875 0.062037037037037036 0.033854166666666664 0.09444444444444444
1 0.26145833333333335 0.20787037037037037 0.07291666666666667 0.09351851851851851
1 0.14296875 0.29074074074074074 0.08072916666666667 0.09444444444444444
1 0.029166666666666667 0.3648148148148148 0.058333333333333334 0.08888888888888889
0 0.565625 0.6851851851851852 0.041666666666666664 0.1425925925925926
0 0.49765625 0.725462962962963 0.04010416666666667 0.15648148148148147
0 0.5630208333333333 0.5180555555555556 0.034375 0.12685185185185185
0 0.5020833333333333 0.5375 0.035416666666666666 0.1287037037037037
0 0.5046875 0.3787037037037037 0.03229166666666667 0.11296296296296296
0 0.5713541666666667 0.36342592592592593 0.03333333333333333 0.11018518518518519
0 0.5640625 0.2013888888888889 0.036458333333333336 0.11944444444444445
0 0.5640625 0.0787037037037037 0.028125 0.0962962962962963
