0 0.5640625 0.6921296296296297 0.03854166666666667 0.1398148148148148
0 0.49713541666666666 0.7328703703703704 0.0390625 0.15648148148148147
0 0.56171875 0.5388888888888889 0.033854166666666664 0.1259259259259259
0 0.5005208333333333 0.5462962962962963 0.035416666666666666 0.12777777777777777
0 0.5690104166666666 0.37407407407407406 0.033854166666666664 0.11296296296296296
0 0.503125 0.38935185185185184 0.03333333333333333 0.11388888888888889
0 0.5609375 0.21296296296296297 0.03854166666666667 0.12037037037037036
0 0.5614583333333333 0.08981481481481482 0.029166666666666667 0.09444444444444444
0 0.5619791666666667 0.012962962962962963 0.025 0.025925925925925925
1 0.08828125 0.32731481481481484 0.033854166666666664 0.05092592592592592
1 0.7286458333333333 0.6398148148148148 0.04375 0.14444444444444443
1 0.70625 0.28564814814814815 0.03333333333333333 0.09537037037037037
1 0.7661458333333333 0.1574074074074074 0.035416666666666666 0.09074074074074075
