0 0.5645833333333333 0.6851851851851852 0.03854166666666667 0.1388888888888889
0 0.49609375 0.7268518518518519 0.0390625 0.1574074074074074
0 0.5625 0.5175925925925926 0.03333333333333333 0.12407407407407407
0 0.5002604166666667 0.537962962962963 0.034895833333333334 0.12777777777777777
0 0.50390625 0.37962962962962965 0.03177083333333333 0.11296296296296296
0 0.5697916666666667 0.3648148148148148 0.03333333333333333 0.1111111111111111
0 0.5627604166666667 0.20324074074074075 0.03697916666666667 0.12129629629629629
0 0.5630208333333333 0.07824074074074074 0.028125 0.09537037037037037
1 0.71171875 0.26342592592592595 0.0328125 0.08981481481481482
1 0.23020833333333332 0.21712962962962962 0.075 0.08055555555555556
1 0.027083333333333334 0.3712962962962963 0.05416666666666667 0.08518518518518518
