1 0.8497395833333333 0.33287037037037037 0.028645833333333332 0.05277777777777778
1 0.8005208333333333 0.5347222222222222 0.04375 0.12685185185185185
1 0.8049479166666667 0.22592592592592592 0.04114583333333333 0.09259259259259259
1 0.8283854166666667 0.9143518518518519 0.05260416666666667 0.15462962962962962
1 0.76484375 0.8842592592592593 0.050520833333333334 0.15925925925925927
1 0.6984375 0.018055555555555554 0.028125 0.03611111111111111
0 0.5721354166666667 0.6884259259259259 0.03802083333333333 0.1398148148148148
0 0.5028645833333333 0.7212962962962963 0.0421875 0.1574074074074074
0 0.56875 0.5222222222222223 0.035416666666666666 0.1259259259259259
0 0.5078125 0.5435185185185185 0.036458333333333336 0.12962962962962962
0 0.5760416666666667 0.36898148148148147 0.03333333333333333 0.11018518518518519
0 0.509375 0.3851851851851852 0.03333333333333333 0.11481481481481481
0 0.56796875 0.20972222222222223 0.03802083333333333 0.12314814814814815
0 0.5677083333333334 0.08611111111111111 0.029166666666666667 0.0962962962962963
1 0.415625 0.02962962962962963 0.046875 0.05925925925925926
1 0.21015625 0.25601851851851853 0.08489583333333334 0.10092592592592593
1 0.065625 0.3976851851851852 0.09583333333333334 0.09907407407407408
