0 0.57265625 0.6930555555555555 0.03802083333333333 0.14166666666666666
0 0.50390625 0.725462962962963 0.04114583333333333 0.15648148148148147
0 0.5083333333333333 0.5476851851851852 0.035416666666666666 0.1287037037037037
0 0.5684895833333333 0.5254629629629629 0.034895833333333334 0.125
0 0.509375 0.3888888888888889 0.03333333333333333 0.11296296296296296
0 0.5760416666666667 0.37175925925925923 0.03333333333333333 0.11018518518518519
0 0.56796875 0.21296296296296297 0.03802083333333333 0.12037037037037036
0 0.56796875 0.0912037037037037 0.028645833333333332 0.09722222222222222
1 0.7424479166666667 0.638425925925926 0.0421875 0.13425925925925927
1 0.7817708333333333 0.39537037037037037 0.0375 0.0962962962962963
1 0.8809895833333333 0.5050925925925925 0.06197916666666667 0.11574074074074074
1 0.9606770833333333 0.6342592592592593 0.0390625 0.05740740740740741
1 0.69921875 0.15231481481481482 0.03177083333333333 0.08796296296296297
1 0.37838541666666664 0.09027777777777778 0.0609375 0.10092592592592593
1 0.08203125 0.37175925925925923 0.07552083333333333 0.09537037037037037
