1 0.7385416666666667 0.8319444444444445 0.042708333333333334 0.14166666666666666
1 0.8083333333333333 0.7865740740740741 0.03125 0.06388888888888888
1 0.9059895833333333 0.55 0.04010416666666667 0.05925925925925926
1 0.7078125 0.3236111111111111 0.03854166666666667 0.11574074074074074
1 0.6885416666666667 0.08981481481481482 0.03125 0.07777777777777778
0 0.4953125 0.7333333333333333 0.03958333333333333 0.1574074074074074
0 0.5643229166666667 0.6921296296296297 0.03697916666666667 0.13796296296296295
0 0.5609375 0.5407407407407407 0.035416666666666666 0.1259259259259259
0 0.49947916666666664 0.5462962962962963 0.036458333333333336 0.12777777777777777
0 0.56875 0.3731481481481482 0.03333333333333333 0.1111111111111111
0 0.50234375 0.38842592592592595 0.0328125 0.11388888888888889
0 0.5609375 0.2125 0.036458333333333336 0.11944444444444445
0 0.5606770833333333 0.08981481481481482 0.028645833333333332 0.09444444444444444
0 0.5614583333333333 0.012962962962962963 0.025 0.025925925925925925
