0 0.5638020833333334 0.6958333333333333 0.0359375 0.1398148148148148
0 0.49453125 0.7680555555555556 0.04010416666666667 0.15833333333333333
0 0.49921875 0.5481481481481482 0.0359375 0.12962962962962962
0 0.5611979166666666 0.5421296296296296 0.0328125 0.125
0 0.5018229166666667 0.3902777777777778 0.03177083333333333 0.11388888888888889
0 0.5682291666666667 0.37546296296296294 0.03229166666666667 0.11018518518518519
0 0.5606770833333333 0.21435185185185185 0.03697916666666667 0.11944444444444445
0 0.5611979166666666 0.09027777777777778 0.0265625 0.09537037037037037
0 0.5614583333333333 0.013425925925925926 0.025 0.026851851851851852
1 0.40520833333333334 0.02962962962962963 0.04583333333333333 0.05925925925925926
1 0.6901041666666666 0.1175925925925926 0.030208333333333334 0.07777777777777778
1 0.7489583333333333 0.08657407407407407 0.03125 0.08796296296296297
1 0.8190104166666666 0.9495370370370371 0.0515625 0.09907407407407408
1 0.7466145833333333 0.9425925925925925 0.0453125 0.11296296296296296
