2 0.715625 0.4013888888888889 0.103125 0.08796296296296297
2 0.8630208333333333 0.5884259259259259 0.11979166666666667 0.08796296296296297
2 0.49322916666666666 0.649537037037037 0.103125 0.08425925925925926
2 0.11770833333333333 0.7175925925925926 0.09895833333333333 0.07222222222222222
2 0.10963541666666667 0.28055555555555556 0.08802083333333334 0.07962962962962963
2 0.778125 0.01574074074074074 0.09895833333333333 0.02962962962962963
2 0.3888020833333333 0.018518518518518517 0.08177083333333333 0.037037037037037035
2 0.10911458333333333 0.015277777777777777 0.0828125 0.030555555555555555
2 0.13307291666666668 0.987037037037037 0.09114583333333333 0.022222222222222223
2 0.023697916666666666 0.9847222222222223 0.04739583333333333 0.026851851851851852
3 0.3020833333333333 0.4009259259259259 0.13333333333333333 0.1037037037037037
