1 0.81328125 0.8462962962962963 0.05364583333333333 0.16111111111111112
1 0.7294270833333333 0.6097222222222223 0.0421875 0.13796296296296295
1 0.77890625 0.4625 0.043229166666666666 0.13055555555555556
1 0.7088541666666667 0.2037037037037037 0.036458333333333336 0.0962962962962963
1 0.7690104166666667 0.053703703703703705 0.0296875 0.07777777777777778
0 0.5661458333333333 0.6861111111111111 0.0375 0.14074074074074075
0 0.4979166666666667 0.7268518518518519 0.041666666666666664 0.15925925925925927
0 0.5643229166666667 0.5199074074074074 0.033854166666666664 0.12685185185185185
0 0.5015625 0.5393518518518519 0.036458333333333336 0.12685185185185185
0 0.5049479166666667 0.3814814814814815 0.03177083333333333 0.11481481481481481
0 0.5716145833333334 0.36666666666666664 0.0328125 0.1111111111111111
0 0.5635416666666667 0.20601851851851852 0.0375 0.12129629629629629
0 0.5643229166666667 0.08287037037037037 0.027604166666666666 0.09722222222222222
1 0.20442708333333334 0.25462962962962965 0.0734375 0.0962962962962963
1 0.10859375 0.31666666666666665 0.07447916666666667 0.09259259259259259
1 0.01171875 0.39537037037037037 0.0234375 0.07777777777777778
