1 0.81015625 0.7287037037037037 0.049479166666666664 0.1388888888888889
1 0.7455729166666667 0.6337962962962963 0.0453125 0.1398148148148148
1 0.7981770833333334 0.41944444444444445 0.04114583333333333 0.11851851851851852
1 0.7859375 0.12037037037037036 0.036458333333333336 0.08148148148148149
1 0.8244791666666667 0.24166666666666667 0.025 0.04814814814814815
0 0.5713541666666667 0.6907407407407408 0.040625 0.1425925925925926
0 0.503125 0.7222222222222222 0.041666666666666664 0.15925925925925927
0 0.5682291666666667 0.5226851851851851 0.034375 0.12685185185185185
0 0.5067708333333333 0.5439814814814815 0.036458333333333336 0.13055555555555556
0 0.57578125 0.37037037037037035 0.033854166666666664 0.1111111111111111
0 0.5088541666666667 0.38564814814814813 0.034375 0.11574074074074074
0 0.5671875 0.20833333333333334 0.03854166666666667 0.12222222222222222
0 0.5682291666666667 0.08611111111111111 0.026041666666666668 0.0962962962962963
1 0.37057291666666664 0.0875 0.05364583333333333 0.09351851851851851
1 0.44140625 0.012037037037037037 0.033854166666666664 0.024074074074074074
1 0.16692708333333334 0.2949074074074074 0.0796875 0.08796296296296297
1 0.026822916666666665 0.41435185185185186 0.05364583333333333 0.08611111111111111
