0 0.49609375 0.7310185185185185 0.04114583333333333 0.15648148148148147
0 0.5645833333333333 0.6888888888888889 0.03854166666666667 0.14074074074074075
0 0.5625 0.524074074074074 0.03333333333333333 0.12407407407407407
0 0.5036458333333333 0.3861111111111111 0.03229166666666667 0.11481481481481481
0 0.5700520833333333 0.37175925925925923 0.0328125 0.11018518518518519
0 0.5622395833333333 0.2101851851851852 0.03697916666666667 0.12222222222222222
0 0.5627604166666667 0.08842592592592592 0.027604166666666666 0.09351851851851851
0 0.5625 0.0125 0.027083333333333334 0.025
0 0.5015625 0.5439814814814815 0.036458333333333336 0.1287037037037037
1 0.690625 0.12546296296296297 0.029166666666666667 0.075
1 0.7377604166666667 0.1597222222222222 0.0359375 0.09166666666666666
1 0.7484375 0.9717592592592592 0.04375 0.05462962962962963
1 0.09765625 0.3199074074074074 0.07239583333333334 0.0824074074074074
1 0.4036458333333333 0.018055555555555554 0.017708333333333333 0.03611111111111111
