2 0.8848958333333333 0.4013888888888889 0.10416666666666667 0.08425925925925926
2 0.9291666666666667 0.7199074074074074 0.10208333333333333 0.0824074074074074
2 0.7440104166666667 0.5893518518518519 0.10572916666666667 0.0824074074074074
2 0.4869791666666667 0.35555555555555557 0.10520833333333333 0.08888888888888889
2 0.35260416666666666 0.15324074074074073 0.090625 0.08055555555555556
2 0.18098958333333334 0.30324074074074076 0.1046875 0.08055555555555556
3 0.22369791666666666 0.7189814814814814 0.14114583333333333 0.10092592592592593
3 0.46979166666666666 0.8518518518518519 0.11875 0.09259259259259259
3 0.019270833333333334 0.1763888888888889 0.03854166666666667 0.08796296296296297
2 0.7903645833333334 0.016666666666666666 0.09322916666666667 0.027777777777777776
2 0.3140625 0.01712962962962963 0.06145833333333333 0.03425925925925926
