1 0.78671875 0.8967592592592593 0.04635416666666667 0.16574074074074074
1 0.7984375 0.7027777777777777 0.04583333333333333 0.12777777777777777
1 0.7859375 0.4287037037037037 0.040625 0.11296296296296296
1 0.7901041666666667 0.21481481481481482 0.0375 0.0962962962962963
1 0.7208333333333333 0.20324074074074075 0.035416666666666666 0.09537037037037037
1 0.3703125 0.1087962962962963 0.059375 0.09722222222222222
1 0.26666666666666666 0.20555555555555555 0.06666666666666667 0.09074074074074075
1 0.08802083333333334 0.35185185185185186 0.08854166666666667 0.11481481481481481
0 0.5703125 0.6888888888888889 0.03854166666666667 0.14074074074074075
1 0.7856770833333333 0.033796296296296297 0.0171875 0.04722222222222222
0 0.5026041666666666 0.7240740740740741 0.040625 0.15555555555555556
0 0.5669270833333333 0.5226851851851851 0.034895833333333334 0.12685185185185185
0 0.5067708333333333 0.5425925925925926 0.034375 0.12777777777777777
0 0.5744791666666667 0.36944444444444446 0.03333333333333333 0.10740740740740741
0 0.5083333333333333 0.3851851851851852 0.03333333333333333 0.11296296296296296
0 0.5669270833333333 0.20972222222222223 0.03697916666666667 0.12129629629629629
0 0.5677083333333334 0.08564814814814815 0.027083333333333334 0.09537037037037037
