2 0.621875 0.39305555555555555 0.11458333333333333 0.0824074074074074
2 0.7153645833333333 0.7 0.10572916666666667 0.09074074074074075
2 0.7427083333333333 0.8356481481481481 0.103125 0.08055555555555556
2 0.028645833333333332 0.5990740740740741 0.057291666666666664 0.08333333333333333
2 0.9755208333333333 0.27175925925925926 0.04791666666666667 0.08055555555555556
2 0.36640625 0.9740740740740741 0.04010416666666667 0.04814814814814815
2 0.96328125 0.9740740740740741 0.07239583333333334 0.05
2 0.42161458333333335 0.02638888888888889 0.06510416666666667 0.03981481481481482
2 0.6875 0.030555555555555555 0.07708333333333334 0.016666666666666666
2 0.8575520833333333 0.026851851851851852 0.08489583333333334 0.022222222222222223
2 0.5145833333333333 0.009259259259259259 0.06041666666666667 0.018518518518518517
