1 0.7255208333333333 0.6472222222222223 0.040625 0.12777777777777777
1 0.7778645833333333 0.537962962962963 0.04635416666666667 0.13703703703703704
1 0.68125 0.033796296296296297 0.028125 0.06759259259259259
1 0.24479166666666666 0.22037037037037038 0.06770833333333333 0.08703703703703704
0 0.5625 0.7870370370370371 0.03854166666666667 0.14629629629629629
0 0.5598958333333334 0.5592592592592592 0.03333333333333333 0.1259259259259259
0 0.4979166666666667 0.5638888888888889 0.035416666666666666 0.12962962962962962
0 0.5671875 0.37962962962962965 0.03229166666666667 0.10925925925925926
0 0.5013020833333334 0.39305555555555555 0.0328125 0.11388888888888889
0 0.5596354166666667 0.2162037037037037 0.0359375 0.11944444444444445
0 0.56015625 0.09351851851851851 0.0265625 0.09444444444444444
0 0.5606770833333333 0.014814814814814815 0.024479166666666666 0.02962962962962963
0 0.4901041666666667 0.9629629629629629 0.040625 0.07222222222222222
