0 0.4921875 0.925 0.0390625 0.14722222222222223
0 0.44088541666666664 0.6261574074074074 0.04010416666666667 0.14583333333333334
0 0.4998697916666667 0.5016203703703703 0.029947916666666668 0.09583333333333334
0 0.4432291666666667 0.35555555555555557 0.029166666666666667 0.08888888888888889
0 0.4432291666666667 0.04421296296296296 0.023958333333333335 0.06712962962962964
0 0.379296875 0.9518518518518518 0.04140625 0.09351851851851851
1 0.015234375 0.3386574074074074 0.03046875 0.050462962962962966
1 0.01796875 0.2826388888888889 0.0359375 0.055092592592592596
1 0.060546875 0.041666666666666664 0.05390625 0.05277777777777778
1 0.06588541666666667 0.00949074074074074 0.04010416666666667 0.01898148148148148
0 0.3859375 0.6932870370370371 0.034375 0.12453703703703704
