1 0.6647135416666666 0.49560185185185185 0.03723958333333333 0.10324074074074074
1 0.7209635416666667 0.49166666666666664 0.037760416666666664 0.10185185185185185
1 0.07109375 0.012037037037037037 0.0453125 0.024074074074074074
1 0.06328125 0.04421296296296296 0.0515625 0.047685185185185185
1 0.01875 0.28379629629629627 0.0375 0.05740740740740741
1 0.0203125 0.34050925925925923 0.040625 0.05138888888888889
0 0.3963541666666667 0.5418981481481482 0.03229166666666667 0.1087962962962963
0 0.3984375 0.4027777777777778 0.0296875 0.09722222222222222
0 0.44361979166666665 0.35856481481481484 0.03567708333333333 0.1162037037037037
0 0.4908854166666667 0.32430555555555557 0.030729166666666665 0.09583333333333334
0 0.493359375 0.22615740740740742 0.02734375 0.0763888888888889
0 0.4484375 0.21712962962962962 0.0265625 0.07777777777777778
