0 0.3963541666666667 0.5407407407407407 0.03229166666666667 0.10648148148148148
0 0.398828125 0.40208333333333335 0.02890625 0.09583333333333334
0 0.44479166666666664 0.35717592592592595 0.035416666666666666 0.1162037037037037
0 0.490625 0.32337962962962963 0.0296875 0.0912037037037037
0 0.49322916666666666 0.225 0.027083333333333334 0.07685185185185185
0 0.44869791666666664 0.21550925925925926 0.027604166666666666 0.07916666666666666
1 0.681640625 0.2 0.03046875 0.07685185185185185
1 0.63359375 0.16527777777777777 0.0328125 0.07407407407407407
1 0.016015625 0.2789351851851852 0.03203125 0.050462962962962966
1 0.0171875 0.33217592592592593 0.034375 0.03935185185185185
1 0.06302083333333333 0.043055555555555555 0.053125 0.05
1 0.074609375 0.010185185185185186 0.05078125 0.020370370370370372
