1 0.6647135416666666 0.41180555555555554 0.04348958333333333 0.12453703703703704
1 0.01640625 0.33032407407407405 0.0328125 0.043055555555555555
1 0.019010416666666665 0.2759259259259259 0.03802083333333333 0.049074074074074076
1 0.06458333333333334 0.04189814814814815 0.053125 0.050462962962962966
1 0.07161458333333333 0.010648148148148148 0.0453125 0.021296296296296296
0 0.397265625 0.5400462962962963 0.03203125 0.10787037037037037
0 0.399609375 0.39861111111111114 0.02890625 0.09814814814814815
0 0.4453125 0.3539351851851852 0.0359375 0.1162037037037037
0 0.4921875 0.32222222222222224 0.0296875 0.09351851851851851
0 0.494921875 0.2212962962962963 0.02734375 0.07685185185185185
0 0.44947916666666665 0.21296296296296297 0.027083333333333334 0.07685185185185185
