0 0.44752604166666665 0.35856481481481484 0.027864583333333335 0.09490740740740741
0 0.493359375 0.3 0.03203125 0.10648148148148148
0 0.405859375 0.3611111111111111 0.02890625 0.08981481481481482
0 0.446875 0.23541666666666666 0.028125 0.0875
0 0.496875 0.19814814814814816 0.028125 0.0824074074074074
1 0.06783854166666667 0.0125 0.040364583333333336 0.023148148148148147
1 0.0609375 0.04791666666666667 0.0484375 0.047685185185185185
1 0.016796875 0.28726851851851853 0.03359375 0.052314814814814814
1 0.018359375 0.34421296296296294 0.03671875 0.04675925925925926
1 0.055078125 0.11180555555555556 0.01953125 0.0375
