0 0.446484375 0.3578703703703704 0.02890625 0.09351851851851851
0 0.4928385416666667 0.29930555555555555 0.031510416666666666 0.1050925925925926
0 0.44674479166666664 0.23587962962962963 0.026822916666666665 0.08842592592592592
0 0.411328125 0.23171296296296295 0.02734375 0.08009259259259259
0 0.496484375 0.19768518518518519 0.02890625 0.08148148148148149
1 0.06510416666666667 0.0125 0.041666666666666664 0.025
1 0.06041666666666667 0.046064814814814815 0.04895833333333333 0.05138888888888889
1 0.051953125 0.11226851851851852 0.01796875 0.043055555555555555
1 0.015104166666666667 0.28726851851851853 0.030208333333333334 0.055092592592592596
1 0.015104166666666667 0.3476851851851852 0.030208333333333334 0.053703703703703705
