1 0.641015625 0.5854166666666667 0.03671875 0.10787037037037037
1 0.71875 0.47962962962962963 0.0421875 0.11388888888888889
1 0.015234375 0.3298611111111111 0.03046875 0.04675925925925926
1 0.01875 0.27546296296296297 0.0375 0.05277777777777778
1 0.06861979166666667 0.006481481481481481 0.04192708333333333 0.012962962962962963
1 0.0609375 0.03657407407407407 0.0515625 0.049074074074074076
0 0.39752604166666666 0.5375 0.031510416666666666 0.11018518518518519
0 0.3997395833333333 0.3962962962962963 0.0296875 0.09814814814814815
0 0.4451822916666667 0.35208333333333336 0.03567708333333333 0.11712962962962963
0 0.4921875 0.3173611111111111 0.0296875 0.09583333333333334
0 0.49440104166666665 0.22268518518518518 0.025260416666666667 0.07685185185185185
0 0.44921875 0.20879629629629629 0.025 0.07777777777777778
