1 0.013671875 0.33032407407407405 0.02734375 0.038425925925925926
1 0.016015625 0.27847222222222223 0.03203125 0.05138888888888889
1 0.0703125 0.012037037037037037 0.046875 0.024074074074074074
1 0.06328125 0.040046296296296295 0.0546875 0.04675925925925926
0 0.38815104166666664 0.7650462962962963 0.03463541666666667 0.12916666666666668
0 0.4920572916666667 0.5842592592592593 0.03307291666666667 0.1175925925925926
0 0.3932291666666667 0.5333333333333333 0.030208333333333334 0.1111111111111111
0 0.442578125 0.4375 0.03671875 0.12314814814814815
0 0.49453125 0.331712962962963 0.0296875 0.08842592592592592
0 0.446484375 0.2574074074074074 0.02734375 0.08148148148148149
