0 0.406640625 0.3224537037037037 0.02890625 0.0875
0 0.44674479166666664 0.35856481481481484 0.029427083333333333 0.09675925925925925
0 0.49296875 0.2988425925925926 0.0328125 0.1087962962962963
0 0.495703125 0.19745370370370371 0.02890625 0.08101851851851852
1 0.07057291666666667 0.013194444444444444 0.04635416666666667 0.02638888888888889
1 0.06041666666666667 0.04791666666666667 0.051041666666666666 0.047685185185185185
1 0.013671875 0.2886574074074074 0.02734375 0.055092592592592596
1 0.014453125 0.3435185185185185 0.02890625 0.04537037037037037
1 0.054296875 0.11064814814814815 0.01953125 0.041666666666666664
0 0.446484375 0.2375 0.02890625 0.08981481481481482
