0 0.3951822916666667 0.5423611111111111 0.032552083333333336 0.10787037037037037
0 0.39752604166666666 0.40347222222222223 0.028385416666666666 0.09583333333333334
0 0.4889322916666667 0.3261574074074074 0.029427083333333333 0.09490740740740741
0 0.49166666666666664 0.22685185185185186 0.027083333333333334 0.07777777777777778
0 0.44674479166666664 0.21898148148148147 0.026822916666666665 0.0787037037037037
1 0.78125 0.9344907407407408 0.046875 0.12824074074074074
1 0.7119791666666667 0.9831018518518518 0.035416666666666666 0.031018518518518518
1 0.060807291666666666 0.044675925925925924 0.048177083333333336 0.05138888888888889
1 0.014322916666666666 0.2826388888888889 0.028645833333333332 0.050462962962962966
1 0.015234375 0.3365740740740741 0.03046875 0.040740740740740744
1 0.07096354166666667 0.0125 0.046614583333333334 0.025
0 0.4432291666666667 0.35856481481481484 0.035416666666666666 0.11898148148148148
