1 0.7171875 0.9 0.0578125 0.18333333333333332
1 0.6666666666666666 0.07106481481481482 0.027083333333333334 0.06342592592592593
1 0.015104166666666667 0.3314814814814815 0.030208333333333334 0.040740740740740744
1 0.01796875 0.2793981481481482 0.0359375 0.05138888888888889
1 0.063671875 0.04189814814814815 0.05234375 0.050462962962962966
1 0.06979166666666667 0.010185185185185186 0.04895833333333333 0.020370370370370372
0 0.3963541666666667 0.5412037037037037 0.03229166666666667 0.10740740740740741
0 0.3990885416666667 0.4011574074074074 0.028385416666666666 0.09583333333333334
0 0.4451822916666667 0.35625 0.03567708333333333 0.11342592592592593
0 0.49140625 0.3224537037037037 0.03125 0.09212962962962963
0 0.49375 0.22314814814814815 0.028125 0.07777777777777778
0 0.4490885416666667 0.2152777777777778 0.027864583333333335 0.08148148148148149
