0 0.3971354166666667 0.5370370370370371 0.03177083333333333 0.10925925925925926
0 0.3997395833333333 0.39699074074074076 0.0296875 0.09953703703703703
0 0.4451822916666667 0.35324074074074074 0.03567708333333333 0.11481481481481481
0 0.4920572916666667 0.31828703703703703 0.029947916666666668 0.09583333333333334
0 0.494140625 0.22199074074074074 0.02578125 0.07824074074074074
0 0.44947916666666665 0.2099537037037037 0.027083333333333334 0.08009259259259259
1 0.7752604166666667 0.9291666666666667 0.05364583333333333 0.1388888888888889
1 0.018229166666666668 0.33032407407407405 0.036458333333333336 0.047685185185185185
1 0.017447916666666667 0.27361111111111114 0.034895833333333334 0.053703703703703705
1 0.06145833333333333 0.034722222222222224 0.05 0.04814814814814815
1 0.06861979166666667 0.0060185185185185185 0.045572916666666664 0.012037037037037037
