1 0.6385416666666667 0.10949074074074074 0.030208333333333334 0.08009259259259259
0 0.39401041666666664 0.6136574074074074 0.033854166666666664 0.1162037037037037
0 0.39739583333333334 0.4340277777777778 0.03125 0.10138888888888889
0 0.44375 0.3763888888888889 0.0359375 0.11851851851851852
0 0.491015625 0.39328703703703705 0.03046875 0.10138888888888889
0 0.4940104166666667 0.24074074074074073 0.028645833333333332 0.08148148148148149
0 0.44830729166666666 0.21550925925925926 0.026302083333333334 0.07916666666666666
1 0.070703125 0.007638888888888889 0.04140625 0.015277777777777777
1 0.06276041666666667 0.03819444444444445 0.05260416666666667 0.047685185185185185
1 0.016666666666666666 0.2759259259259259 0.03333333333333333 0.049074074074074076
1 0.015885416666666666 0.33217592592592593 0.03177083333333333 0.04398148148148148
