1 0.675390625 0.4358796296296296 0.03671875 0.10324074074074074
1 0.06783854166666667 0.007175925925925926 0.03723958333333333 0.014351851851851852
1 0.06197916666666667 0.037037037037037035 0.052083333333333336 0.04814814814814815
1 0.017447916666666667 0.27546296296296297 0.034895833333333334 0.05277777777777778
1 0.017578125 0.3351851851851852 0.03515625 0.05277777777777778
0 0.39674479166666665 0.5460648148148148 0.03307291666666667 0.10787037037037037
0 0.3984375 0.3988425925925926 0.0296875 0.10046296296296296
0 0.44479166666666664 0.35856481481481484 0.036458333333333336 0.1162037037037037
0 0.49192708333333335 0.3226851851851852 0.0296875 0.09259259259259259
0 0.49440104166666665 0.2238425925925926 0.027864583333333335 0.08101851851851852
0 0.44869791666666664 0.21134259259259258 0.027604166666666666 0.08009259259259259
