2 0.49361979166666664 0.22199074074074074 0.029427083333333333 0.07824074074074074
2 0.44869791666666664 0.21087962962962964 0.027604166666666666 0.0837962962962963
2 0.49192708333333335 0.3178240740740741 0.0296875 0.09490740740740741
2 0.4453125 0.3525462962962963 0.0359375 0.11898148148148148
2 0.39947916666666666 0.39699074074074076 0.030208333333333334 0.09953703703703703
2 0.39739583333333334 0.5381944444444444 0.034375 0.11157407407407408
2 0.611328125 0.22800925925925927 0.03203125 0.08472222222222223
2 0.6795572916666667 0.16574074074074074 0.03619791666666667 0.08703703703703704
2 0.7295572916666667 0.9502314814814815 0.04505208333333333 0.09675925925925925
2 0.061197916666666664 0.03518518518518519 0.05260416666666667 0.053703703703703705
