0 0.5013020833333334 0.8076388888888889 0.0328125 0.12361111111111112
0 0.4393229166666667 0.9555555555555556 0.043229166666666666 0.08611111111111111
0 0.3765625 0.9046296296296297 0.0375 0.14722222222222223
0 0.439453125 0.549074074074074 0.03203125 0.10648148148148148
0 0.441015625 0.1986111111111111 0.02734375 0.07685185185185185
1 0.655078125 0.47337962962962965 0.03828125 0.10416666666666667
1 0.06901041666666667 0.010648148148148148 0.043229166666666666 0.021296296296296296
1 0.058984375 0.043055555555555555 0.04921875 0.05
1 0.015625 0.2814814814814815 0.03125 0.05277777777777778
1 0.017578125 0.33958333333333335 0.03515625 0.04675925925925926
