1 0.6822916666666666 0.6884259259259259 0.03958333333333333 0.11944444444444445
1 0.742578125 0.6472222222222223 0.04296875 0.11388888888888889
0 0.398046875 0.40162037037037035 0.02890625 0.09490740740740741
0 0.4434895833333333 0.3592592592592593 0.0359375 0.11481481481481481
0 0.49049479166666665 0.325 0.029947916666666668 0.09259259259259259
0 0.4479166666666667 0.21666666666666667 0.027083333333333334 0.0787037037037037
0 0.4934895833333333 0.22685185185185186 0.0265625 0.07777777777777778
1 0.06393229166666667 0.04490740740740741 0.05182291666666667 0.049074074074074076
1 0.015234375 0.2824074074074074 0.03046875 0.05277777777777778
1 0.01796875 0.337037037037037 0.0359375 0.044444444444444446
1 0.06822916666666666 0.011342592592592593 0.04895833333333333 0.022685185185185187
0 0.395703125 0.5430555555555555 0.03203125 0.10925925925925926
