1 0.617578125 0.35300925925925924 0.02890625 0.0837962962962963
0 0.4947916666666667 0.5023148148148148 0.030208333333333334 0.10925925925925926
0 0.444140625 0.5150462962962963 0.02890625 0.1125
0 0.4046875 0.34953703703703703 0.0296875 0.10092592592592593
0 0.4861979166666667 0.14606481481481481 0.027604166666666666 0.08657407407407407
0 0.38111979166666665 0.9138888888888889 0.03619791666666667 0.1388888888888889
1 0.06822916666666666 0.011805555555555555 0.042708333333333334 0.02361111111111111
1 0.060546875 0.043055555555555555 0.05234375 0.04537037037037037
1 0.017447916666666667 0.2831018518518518 0.034895833333333334 0.05138888888888889
1 0.015885416666666666 0.33958333333333335 0.03177083333333333 0.04675925925925926
